[0.00504510335948153, 0.0013079465974444539, 0.007475040664268189, 0.007811153421406756, 0.006221207952341517, 2.0561421196526043E-4, 0.009259452517518085, 0.008892883247227092, 0.0034264081052088704, 0.0020764827616741857, 0.004450654462631397, 0.005035395427399652, 0.00501306885468811, 0.0018760225455788282, 9.91109690916292E-5, 0.009979042797699806, 0.0014523672413438193, 0.003986524949548641]
[0.008994163661690119, 0.0040517334263192265, 0.00949978816150666, 0.007638760549374397, 0.0077604056230542815, 0.005382163401912341, 0.00483494157315596, 0.006400077716396654, 0.0020131244490361835, 0.003531081236237088, 0.008755840466805559, 0.0027998001009498764, 0.0024195554559588695, 0.007104609318068068, 0.007056606583328177, 0.0017897412193275208, 0.006342762410179978, 0.009071852473814278]
[8.28899144123928E-4, 9.271009630551852E-4, 0.0046375430381055925, 0.0022297254079578933, 0.009601190258924254, 9.189673679263344E-4, 0.0021228366533819908, 0.0025411327422888885, 0.006966339490846847, 0.007482097456952036, 0.003272682715823515, 0.009918344252465149, 0.0076467454127779055, 0.0043486054760432345, 0.0017478670476522996, 0.0044316003188560925, 0.0028076846125916744, 0.0076876358371381496]
[0.003532960417996589, 8.936989480765401E-4, 0.0073532718078229324, 0.0042150587069437655, 0.008648539668233438, 0.006304506659243028, 0.00892580639457935, 0.008827673247516724, 0.0056759566234974145, 0.0027350481524564007, 0.003378098363742198, 0.0027253562500631112, 0.006662099024624092, 0.0028890265844176955, 0.005599692603052899, 0.00967405394471642, 0.007364163616410027, 0.006800332054335022]
[0.007751740381926053, 0.00631445842381206, 0.009249544624150645, 0.005908297141332318, 0.009201595965429894, 0.0022356712099510833, 0.005183512365501024, 0.005098167698413463, 0.0037470412485540706, 0.006910104932589693, 3.174409676846501E-4, 0.004202448669646819, 8.137351553626938E-5, 0.0035253298155605963, 0.0033329185901983804, 0.007929499434809176, 8.744142223429619E-4, 0.004250521013759047]
[9.021530915894405E-4, 0.007218949525024458, 0.0043308322761256846, 0.0075396227575343, 0.00999266252997341, 0.0056192121041809895, 0.00963599413930357, 0.005700290287130443, 0.008474322787464215, 0.001440570747660126, 0.004310891427676957, 1.4713093617650942E-4, 0.004379414140053591, 1.580263788422631E-4, 0.00717151397049755, 0.002509711501400329, 0.00812139679420495, 0.0018212854956165714]
[0.005324375322040224, 0.0020802619549071177, 0.009995715920681738, 0.00507498156132079, 0.007428716288654051, 0.003962946872503222, 0.007366017847119552, 0.0028004167586922622, 0.008317247564430193, 0.007726039327060056, 0.002081737114505984, 0.004360823696052324, 0.0019911145051312107, 0.0033602792828304117, 0.008878093082366246, 0.005965341988414252, 9.911014909125705E-4, 0.009911153268783597]
[0.00977710961667091, 0.003762609138543688, 1.9591445462341261E-4, 0.002279785961767229, 0.00783835269310935, 0.003933073747815211, 0.002209716296306583, 0.003376586528573614, 0.006000660151758165, 2.69835551733697E-4, 0.00967490947546559, 0.002063745394961856, 0.0032112084927840945, 0.002521021514815096, 0.007082495108225152, 0.002137130380351563, 5.558512228152735E-4, 0.008112414869730376]
[9.511627666851641E-4, 0.003975087690480717, 0.004684728932649103, 0.005777250837140193, 0.0026075935916233697, 0.008421097748613103, 0.00446974084176681, 0.0020907990810656264, 0.0022242872639264798, 0.001969201051444107, 0.009535538217361398, 9.405557759418892E-4, 0.006257554261989766, 0.0033855504552043236, 0.006073277197231122, 0.0015585718070238953, 0.0029771367408925296, 0.004526407638035113]
[0.00617645748136293, 0.002900647201485378, 0.0023902581462890526, 0.0023023518030824285, 0.0018307361083684426, 8.778183898311554E-4, 0.007536720986132017, 0.004490420499900028, 0.0036446958933308692, 2.2878189327320554E-4, 0.0038680066601108356, 0.00941035709077527, 0.007426120475521583, 0.004667585901638829, 0.002222157197194642, 0.008358094489304286, 0.008788406447730995, 0.00734913448643323]
[0.00876754496760397, 1.2905245333274862E-4, 0.007114325478455713, 0.008665748396792145, 0.00221246932439556, 0.008965784400684032, 0.005409418408545768, 0.009921230734730741, 0.004563840959249748, 8.289593173502008E-4, 0.0018448916386848957, 0.00952458621061439, 0.00676704936885705, 0.008017620341230915, 0.0021199593015712804, 0.003003752402178812, 0.004670431337571005, 0.008854111215072367]
[0.009166149571197652, 0.009360394105655872, 0.0039315913984928775, 0.007401017079923113, 0.008171179388930123, 0.004070027112706006, 0.004719147977254852, 0.007991920617687035, 4.175741462266713E-4, 0.0033774304214003494, 0.008362312808144, 7.347243249021484E-4, 0.00901128787140988, 0.005445514885465815, 0.008462035379233875, 0.007085744395462095, 0.0032181598584962133, 0.0013865192716629071]
[0.008401273065990476, 0.009094736092218786, 0.005831119340209743, 0.003237604014694716, 0.005678275737964792, 0.001985462063062291, 0.009758628642587162, 0.006538619510293952, 0.0010356043979424523, 0.007363367382446262, 0.0058549363709436905, 0.0023280297353367486, 0.006968927300548761, 0.003531381005634774, 0.0039052823043823127, 0.007093670348754965, 0.005873466067745334, 1.4681327344615247E-4]
[0.0026342855148840105, 0.009498227662789243, 0.002822296932774907, 0.006766776511006262, 0.0026233138619699337, 0.00954502891080258, 0.0017695337987756223, 0.008706501402499893, 0.008102717870205835, 0.009257931946214732, 0.006832752198202231, 0.00907438475238866, 0.009727390338497167, 0.00391981117246855, 0.0022328396460470413, 0.002849550189376453, 6.491853042345974E-4, 0.009447336605778785]
[0.00545578872446085, 0.0074321566214416955, 0.002467316308462322, 0.004575448070799331, 0.008249771256700173, 0.004223648318403357, 0.00596792552111379, 0.006183126342474309, 0.009182166880067032, 0.007483587203328201, 0.003956594837756988, 0.002312770837245992, 0.009655045156942994, 0.009961663435268981, 0.009942651590749155, 2.1869253417724499E-4, 0.0025139249677652744, 0.00961793423253441]
[0.006951695342464389, 0.006125935774546303, 0.008683467697581326, 0.00812129505508269, 0.005322852353418314, 0.009288846443541242, 0.0026250880985925406, 0.009755634286120609, 0.006989842548033332, 0.005409504097611625, 0.00183529211212468, 0.008865085374367799, 0.006450021774593537, 0.0035093428926846605, 0.009089880325206894, 0.005034233852970648, 0.005393138532525784, 0.005942986088684956]
[0.008687988523356154, 0.00782609724656686, 0.008791627017127997, 0.0034015235245510324, 0.009561253908763426, 0.007090144557246265, 0.00514682972587742, 0.0054731640696956945, 0.008787237513020255, 6.045751744026373E-4, 0.0025406280154409255, 0.002612397748773753, 0.008782549183838412, 0.00813153617284185, 0.0051595318174446625, 0.007214507092861942, 2.499582045586379E-4, 0.009840898802191697]
[0.0020383607775436275, 0.009900468182246108, 8.150964369929692E-4, 0.007497680506841715, 9.132261574110922E-4, 0.0020879871586001685, 0.006212187806541112, 0.008810143643866862, 0.005278599807244996, 0.007457617564640343, 0.006864573337982975, 0.008900056883049066, 0.002010838592669997, 0.003018613065542656, 0.007754618723844542, 0.007983561286520295, 2.506061354314104E-4, 0.0051373659707336415]
[0.0035889285196426413, 0.0010405331231526061, 0.009629213652203676, 0.007111991180181965, 0.004438612791930211, 0.003502289409380919, 0.0073789810466254446, 0.0026598143312092227, 0.00927068611204721, 0.0068019355133147755, 0.009385296438186579, 0.004030227964344113, 0.006085499411824493, 0.00900860780684562, 0.009818130127073098, 0.004363583605331094, 0.007736442199511194, 0.008706316661858574]
[0.007623336106408371, 0.001387485708678069, 0.0019319725962992685, 0.0047800485948096124, 0.0058591571990233675, 0.003575064648585166, 0.002406366292394091, 8.362385356330704E-4, 0.0016309211315756655, 4.8550251056717064E-4, 0.005794400335873653, 6.116780555140788E-4, 2.069968652691745E-4, 0.006165289236272374, 0.005356519750845486, 0.009914378314135833, 0.006791661358675544, 0.00820939412863195]
[0.008374856154232854, 0.00139185673553454, 0.003385596958469015, 0.00536473616855941, 0.008776805072025304, 7.367739764433735E-4, 0.006182326812442224, 0.0034040422702248654, 3.416875282844356E-4, 0.006816796816750034, 0.0010289669953931313, 0.0024063843335830237, 0.008707356860344061, 0.0036550189736613615, 6.2225714852293E-4, 0.008551389998824453, 0.0023174335011393976, 0.009189223002387465]
[0.007315904005119387, 6.732523850320748E-5, 0.003436186976648572, 0.00430271925116122, 0.00968285626323843, 6.894978630490046E-5, 4.069013203609706E-4, 0.005746454224347719, 0.009306205051294293, 0.008679248002688275, 0.0014408989327288858, 0.008261527263227071, 0.006664978420447928, 0.0030498434813782216, 0.008398219570669125, 0.004463216660738829, 0.0014361842994894925, 0.0066781085033633]
[0.006257280823322243, 0.005862060805455811, 0.0030520262983724645, 0.008764679048632778, 2.6967547277534257E-4, 0.004774499036829261, 0.00193130238514722, 2.632951463643074E-4, 0.008157590148356306, 0.004815025405353628, 4.465669423574403E-4, 0.005745583274959529, 0.009135151209832442, 0.007163767031340131, 0.005393723325441836, 0.00923660570904446, 0.0050213452565312944, 8.678462338265636E-4]
[4.982823756439414E-4, 0.00777270043869039, 0.0012609719450629741, 0.008061843812481715, 0.008322611275405128, 0.008591344524225, 0.007281433112198765, 0.009182127905479422, 0.005831064653925606, 0.004583467570072342, 0.006286976294231698, 0.009001774643240132, 0.006824977379753453, 0.007921855718835896, 0.004328346253991541, 0.0016272499930657758, 0.007477068912011033, 0.003624981737325551]
[0.007284624673240433, 0.0014749833998834317, 0.008274892522537321, 0.0032238024466911953, 0.0022553639370747314, 0.007685413420253703, 0.0068255379881645714, 0.003669770359438168, 0.006784954719888895, 0.0014340366335129963, 0.0011788763005572834, 0.008155505370352452, 0.005327486527676257, 0.009163450251915792, 0.0025942094177306887, 0.003615277819277655, 0.007409198539527556, 0.00988732562633267]
[5.2743718822445555E-6, 0.004330656068472251, 0.006056937471214574, 0.0014067072032306661, 0.00583111666798121, 0.002287379005642338, 0.008234873283326111, 0.008530981848944148, 0.004235439348291432, 0.0027127097573803383, 0.0012680471925942173, 0.006210318888577429, 0.00845460129174929, 0.007568235814547804, 5.301589893197334E-4, 0.0018633336626377906, 0.003394524179226501, 6.812815714720455E-4]
[0.00403432587391207, 0.0041231786728186835, 0.0033393422838539875, 0.005668804630668652, 0.00898937243824188, 0.00972722183365578, 0.0023197037176156555, 0.0018408459482841034, 0.0038705438639875544, 0.006339924412552258, 0.006456221478547648, 0.0038663113407708706, 0.007102355797183213, 0.0067254820759258295, 0.0034236342347201067, 0.008142063437323382, 6.262942167443387E-5, 0.008876248663560798]
[0.0040738317935306145, 0.002527004358746917, 0.00779058500328931, 0.007454911369678478, 0.005210965158754454, 0.0063860382783297275, 0.005518193383153316, 0.004222846246196807, 5.294458921667877E-4, 0.004734497371211411, 0.00294281762911218, 0.009004025303870714, 0.008805716753239021, 0.003681826076149449, 0.0010205006624579638, 0.008173312097693588, 0.004577252889008405, 0.004344017126146902]
[0.007983087342496637, 0.00465992415840443, 0.006747330782772557, 0.008927497972638657, 0.0022686928855222568, 0.002021302526657054, 0.004821680446746131, 0.005782865663877614, 1.038606047972579E-4, 0.005269577134730834, 8.132149602348882E-4, 0.009885079376174305, 0.004587080353367396, 0.002822270638060526, 0.007243610709256732, 0.0014174113442851867, 0.0012971653280101248, 0.007200837905975148]
[0.008125585317381518, 0.007919672405906988, 0.0026863132226516363, 0.006915090161584525, 3.273048111611754E-4, 0.004806920826259105, 0.009816508252202217, 0.008348504694968829, 0.007300424834148153, 0.004973074821421079, 0.005359245256324745, 0.004398879271187585, 0.005795848506384779, 6.645444906507026E-4, 0.006202388752165865, 0.006130735443620432, 0.008896368652609035, 0.009842209735836887]
[0.007494302938335908, 0.004760336915116554, 0.0054629292602897, 0.004845767090194405, 0.00250422471709405, 0.003921133889715559, 0.006921328473960034, 0.0033326762753172414, 0.004289170399410854, 0.0063469048088642946, 0.00720876025359781, 1.8463708624055886E-4, 0.0058315021610116854, 0.00486181525193186, 6.54667731069043E-4, 0.004357734663449266, 0.005047606151596571, 0.004881066790719435]
[0.0055879624622381194, 0.0064980869773041796, 0.009866960109939317, 0.004502766966630512, 0.008542742444644633, 0.001553040736341168, 0.0064422011100138945, 0.00871109757482897, 0.005077215716482626, 0.005578656812675228, 4.746257762856687E-4, 0.00621281593392495, 0.008425618536001649, 0.007477436139841626, 0.007625891589836377, 9.935765502260708E-4, 0.006470494299347316, 0.004495933121588981]
[0.004035508362695794, 0.0058075134697573435, 8.527767046785951E-4, 0.00497011420661059, 0.0020750402587086047, 0.0015029742649013635, 0.009429697615093154, 0.0030270167178007845, 0.00964376956058932, 0.004339253817326142, 0.00474562227490222, 0.007734468435001342, 0.003546895826895905, 0.0032636273178758457, 0.006698488433065735, 0.003536331535557943, 0.008796177371982003, 4.949336147990746E-4]
[0.007164606127265131, 0.00971893842658201, 0.006034246467035392, 0.0016994147372775216, 0.007987152292446504, 0.004125085796144686, 0.008707660500261201, 0.006546471525416215, 0.0014387740451060993, 3.65165196145385E-4, 1.0007722423966637E-4, 0.006496445383398043, 0.0040362893065555, 0.008370699523638088, 0.007885772546211724, 0.004299493117237472, 4.155554348362101E-4, 0.005293769742459772]
[4.7504499281277425E-4, 0.008874071019353353, 0.0038671521757959394, 0.007476511124661212, 0.0050968809452826445, 0.00998550012413336, 0.004088602863741867, 0.004498064483929709, 0.0023005836300097437, 0.009459537792074271, 7.264409773283643E-4, 0.0031520731019636316, 0.005356891745036712, 0.00954283148495336, 0.003361496727269109, 0.00261601271401801, 0.005900451218477387, 0.0044615871154665586]
[0.0047333704032098, 0.0020443532674000965, 0.009079321358976824, 0.008231733131802364, 0.004205125520744714, 0.008350747543243123, 0.0024635321223134567, 3.3831996506505257E-4, 0.002736818152440508, 0.005040149512480734, 0.0030135330267079406, 0.0010288432538072545, 0.008966557443148913, 0.002609963321934844, 0.005520706816957367, 0.009654634607445959, 0.00839036932908991, 0.007260034576569347]
[0.004105943081658624, 0.0027464136580886123, 0.004087211498215152, 0.007434489892975342, 0.0055986011692740634, 0.0033245552754947905, 0.007953070245810049, 0.007064141031571598, 0.009917015873907635, 0.009321570303535117, 0.005988144043989201, 2.863669155394433E-4, 0.007933028520573284, 0.006933757267939834, 0.009823699853891426, 0.004890098825370294, 0.0017268561001243222, 0.004220933852613027]
[0.009380262159872666, 7.667242132185715E-4, 0.005624935876396771, 0.0013376079959054221, 0.008316377638093415, 0.005243440892761774, 0.008962212992325637, 0.006405907265616045, 0.004757275237429025, 0.0093337875482107, 0.003121668673402772, 2.30030572481984E-4, 0.004685314185747343, 0.007660784184261652, 0.006077707725161731, 0.008803945992675718, 0.0043292002617966365, 9.131629650131923E-5]
[0.007406364309593278, 0.009878507605421985, 9.065209586844347E-4, 0.004966103484179036, 0.005524096928811065, 0.008731120544652506, 0.008154229433271947, 0.0022177902650494185, 0.006778288833707553, 0.008720532608522612, 0.004224290916410561, 0.009640408423065508, 0.002936384635772423, 0.004211287519768301, 0.004726775074366742, 0.007106654137560251, 0.0096069280976145, 0.007016826617298493]
[0.0029702615271909863, 0.0016251347229445268, 0.003174596517210272, 0.0026371780475366847, 0.002779504271698777, 7.87935672271779E-4, 0.007942646500928668, 0.00925662794604596, 0.006662873082065753, 0.0033795665624326223, 0.008350026278449258, 7.187180132181393E-4, 0.0035571755903164096, 0.0037015475539468844, 0.0033667248551999185, 0.004510370511233778, 0.005895036158138886, 5.125965553038659E-4]
[0.0014697687398265169, 0.007163892526129402, 0.005320088447171414, 0.0023925867138182687, 0.0049635926575699145, 0.0024250633521875975, 1.781764438915312E-5, 0.008809141794230955, 0.0018323522292124318, 0.002037467132389028, 0.004334961132125111, 1.989428823232653E-4, 0.0017980622034260852, 0.0050576802919979685, 0.003127962529106887, 9.715234218298441E-4, 8.07280863600779E-4, 0.009242877117841256]
[0.009111046349568446, 0.006501529070788392, 0.004780383478730781, 0.007241877212496532, 0.0013670584035129563, 0.008896127063154168, 0.009131301357735672, 0.0010725985193273191, 0.007139300492558556, 0.006607447907569263, 0.005301925547922689, 6.833464077708907E-4, 0.007040159508135364, 0.009805651209237373, 0.009354205905751726, 0.006272313605656649, 0.005892414852000237, 0.006836402725009559]
[5.243037505972647E-4, 0.009479120498173755, 0.007561681076295706, 0.0070572614073694485, 0.009566983166091612, 0.005564182285778692, 0.0023435256433270713, 0.001880670824497569, 0.007704757901322634, 0.0072561384240349336, 0.009736376554449984, 0.008946958763316465, 0.007045130758322609, 0.0010745325780368432, 0.007761412617832559, 0.004008946698396918, 0.0024406022214079905, 0.008624389502804631]
[0.0023832106144044073, 0.001330477258408559, 0.002939941823656963, 0.008611282715592314, 0.0070399981492170385, 0.0061843707734848185, 0.008215551675440332, 1.3994218287793903E-4, 0.002809939270551959, 0.002381021888477457, 0.0016505764500944166, 0.004236406904312326, 0.004319962597470989, 0.003667055552493823, 0.0071307417906220725, 0.008473173999369655, 0.005146211879795511, 3.0416041393562464E-4]
[0.0010097332707065688, 0.009078757531727885, 0.009160285679992152, 0.0011714210676059067, 0.004203254305823352, 0.005977514655001514, 0.0010430047726813563, 0.007330179908414279, 0.0019157310674059558, 0.008832556811930984, 1.7526150284171705E-5, 0.005148651000954197, 1.1495865033005037E-4, 0.006354013739481976, 0.005746201665937957, 0.005804223204932329, 0.008543813975085957, 0.006886869398417821]
[0.004290654953058027, 0.0032645857818237732, 0.009794484802950984, 0.005607047022197418, 0.005052130977472798, 0.004694514564368344, 0.0027694948123401985, 0.002531368875242038, 0.006689250207276251, 0.005643361258891996, 0.006715136860912999, 0.005986471415984554, 0.0011528743744583059, 0.007338989739713407, 0.008936743204607602, 0.00818371077607168, 1.8287283674568334E-4, 0.004947107394554653]
[0.005291563688771347, 0.003111543664390034, 0.007879157644135177, 0.003750641772533715, 0.007603838911910438, 0.002083825265031285, 0.006289426505932992, 0.004862018187381596, 0.006257994263130505, 0.008971915010855392, 0.0083486384414815, 0.003301893746313085, 0.009399696207467641, 0.005400439968254441, 0.003960323586335143, 0.009061107940300399, 0.0024108554990131302, 0.006001011165286262]
[5.27400438754092E-4, 0.006108315123016434, 0.002623475323508211, 0.005195147952673374, 0.008820263269770628, 0.005213962770871731, 0.004598580844224587, 0.009917115116356259, 0.008712468356544642, 0.0039319880446669975, 7.202918024559568E-4, 0.007189331266465072, 0.007019436475872093, 0.0011138025557607845, 3.414237767662076E-4, 0.0015274606893940868, 0.0014431572011531424, 0.0039248428339815865]
[0.008265838950246527, 0.004779253771081839, 4.559707481977338E-4, 0.0024921654095181045, 0.009964089930568602, 1.906526845707879E-4, 0.008849065494055473, 0.0010322684053043819, 0.006592731026198346, 0.0032446359889657427, 0.002626426284469201, 0.004591525344919987, 0.007623997588755604, 0.004132723655904033, 0.004942527233877923, 0.007377316894389364, 0.0026913848248899864, 5.960224931252201E-4]

[0.0031077518124554525, 0.0022983194349971946, 0.004269360284266992]
[0.0018941655291747162, 0.0096102761986889, 0.00873002163504431]
[0.0014905366889286455, 2.0267615493134718E-5, 0.007713968470486438]
[0.0021124553010050764, 0.008467624336958473, 0.009847610242002272]
[0.0065054617121551115, 0.009013552281883115, 0.004915894605068002]
[0.0020067945151506974, 0.005438222696882805, 0.00343986472385454]
[0.006016093494922107, 0.004631399503111267, 6.302904618329419E-4]
[0.009682423786142029, 0.0010027009399463838, 4.414191555461233E-4]
[0.006604033194409267, 0.008141923934148743, 0.0016566398608574252]
[0.009189605376985772, 1.5890070745330442E-4, 0.005592279674804261]
[0.009058455169419282, 0.004258855047389582, 0.006788858725884582]
[0.007015427540268729, 0.007709934658568442, 0.006153874731786328]
[3.3938622411202826E-4, 8.765745679366521E-4, 0.008446592033078222]
[0.0036479200285795777, 0.003444627795745011, 0.0035079235299271005]
[0.005440395258756644, 0.005425493150521494, 0.009693489255356924]
[0.0011302322007452103, 0.008031566220083993, 0.0012044608230482423]
[0.008444173784439785, 0.00996539467999197, 0.00513023733107722]
[0.0015261243255842737, 0.00973985439640016, 0.005879555733991282]
[0.008493201612020735, 0.009669362655755798, 0.00987388508394809]

[0.0029359313256383736, 0.003833438225121206, 0.0025156637586686913, 0.0029531217521836105, 0.008045131373276407, 0.008213129947930524, 0.0036127122783089593, 0.009775328650642201, 0.0010619628796408832, 0.006239464368448054, 0.004246348813723181, 5.123668147184313E-4, 0.0066828179647683015, 7.795515278473509E-4, 0.0017929370860048555, 0.00952117025531782, 0.0010139492157999553, 0.003053015360924939]
[0.0058707085006319175, 0.00899596706368249, 0.00903122213619455, 0.0022451820308959547, 0.0018629211114245393, 0.007566058078464538, 0.0020344955888979745, 8.113875606493426E-4, 0.0012711319491283547, 0.0011382108859834495, 0.007002460476378678, 0.00449004141001785, 9.069403774079699E-4, 0.008267909057892249, 0.0053494529625889, 0.008590916776137592, 0.00555751805234335, 0.00317377935647334]
[7.439799989782436E-4, 0.0037364584818036298, 0.0029496958502421267, 0.004402087157494615, 0.004369382776290472, 0.004907736955333627, 0.005589325769400585, 0.006103282489091674, 0.0012902777396732524, 0.007382995934021137, 0.0013670956758745822, 0.0019001444534964885, 0.0034341111672100766, 0.0019555753713827563, 0.0036989195822339596, 0.00840715836834586, 0.0031053682473873344, 0.009679318436430549]
[0.0024084900453292648, 0.00660333331409199, 0.005920686032842806, 0.0033133955903765413, 0.008561520372034821, 0.004465749361374705, 0.003586309840309242, 0.00862481441366088, 2.5667781265833467E-5, 0.0035386995700087288, 0.005035052144672475, 0.00375570222573681, 0.00965707529624531, 0.0054433683069891395, 0.00909810321694417, 0.008973786546523692, 0.0047039270531325185, 0.0017255734653207101]

[0.001861225571949995, 0.009378129669292086, 0.0060675886347027206, 0.004740070677230159, 0.005959156686975266, 0.008181162803228824, 0.0032469699156018094, 0.003823930229290652, 0.00842492886554094, 0.0021520699084917896, 0.00536235679175615, 1.0553403530566663E-4, 0.0010827831966960055, 0.002145659152007284, 0.007909367074075968, 0.0031005415996559517, 0.0021503635299374734, 0.009915436347233828, 0.0018612694453862412, 0.007435162946440777, 0.002096321205124787, 0.003006036398927272, 0.0013747206233966026, 0.003005640880641876, 0.008041364456099775, 0.007923062087767661, 7.843351675797294E-4, 0.009884412900138837, 0.008049490869524415, 6.443545511917659E-4, 0.006515059344988927, 0.009170760367203918, 0.007486223808421715, 0.0056949265216918385, 0.0011526430910747266, 0.005173217767637533, 0.004513249574264927, 0.003728488121293213, 0.007586332799469233, 6.296088739764839E-5, 7.439288817995648E-4, 0.0028417029172461616, 8.742396182750157E-4, 0.009451850365830645, 0.0061017373843680065, 6.930094986397418E-4, 0.004280658367473006]
[0.006225754585732516, 0.004003765530560215, 0.002906053686432412, 0.003795950030903841, 4.0323633025746153E-4, 0.004133989429430161, 0.008208473904368099, 0.002373419211011233, 0.004791634253055801, 0.005276096601123135, 0.002289985692847335, 0.0011039540690555671, 0.00977702740886906, 0.009943235546272968, 4.5942158710890246E-4, 0.009598020603512015, 0.005711521740801731, 0.005872131692057314, 0.0038385757631902895, 0.0019559286088700325, 0.008050752395474156, 0.006841591899702351, 0.00505140922943243, 0.007881122544770313, 0.008646447736670386, 0.006730497449889956, 0.00715038375521826, 7.275707543189202E-4, 0.006413354273265293, 0.006247963047080076, 0.0038673783996308964, 0.005571157077538437, 0.001966775067042352, 0.0013484215205785133, 1.8486088641904598E-4, 7.563129077070419E-4, 0.0037664281365436193, 0.00598696266786228, 0.009693682033767985, 0.005792943826137548, 0.007804279963862189, 0.009575345250961516, 0.009237066280332759, 0.006965044102953332, 0.00893847226083913, 0.00126666881610502, 0.0019360731318670955]
[0.009561217314723407, 0.009602399810512101, 0.009026774311292052, 0.006850009046041437, 0.002248645217446733, 8.074630897484614E-4, 0.0013430234817135979, 0.007245973598430997, 0.004785879213057603, 0.0011099641140888993, 0.0033761797254661663, 0.009734921769705309, 0.005006158679535291, 0.001527069563425234, 0.007378691647883371, 0.0033773337441578913, 0.004801783479482022, 0.008263720124332097, 0.009282766750194476, 0.0012697828081713548, 0.0077013975307287895, 5.51815694399832E-4, 0.00950418851292173, 0.0070943946420995, 0.002555873583918129, 0.007904961427460099, 0.006212917309700923, 0.005646397808386844, 0.008834809467784276, 0.009656507933250713, 0.0035890920755557044, 0.00945066571777132, 0.00908447881201329, 0.009775580397399734, 0.005913122905656354, 0.003236352701742862, 0.003209409589945694, 0.001645236155298363, 7.311504224671428E-4, 0.004259432970210342, 0.007413584586424793, 7.388478407770682E-4, 7.9221929686626E-4, 0.00924615194984184, 0.007873592782641211, 0.007945262799187175, 0.004971095925270921]
[0.008076104466543294, 0.00551488850022958, 0.0026702388555096004, 0.0029707351745545973, 2.3185362026177382E-4, 0.0036236365571830245, 0.0027811132353573486, 0.007240981869660018, 0.002512713349938104, 0.004450457519990964, 0.007963614274338058, 0.008255168437443026, 0.00554351424924732, 0.004448712057801563, 0.004124176158325022, 0.006053850520183265, 0.002204882395798441, 3.3879186948847174E-4, 0.009098071721248914, 0.0017949996847642592, 0.00326975514440626, 0.00980120965971634, 0.0041131326687081585, 0.007942547472827344, 0.004251570728603036, 0.0012751167885891345, 0.0012107773657593491, 0.00468026018219335, 0.002752764201928595, 0.007075195453965037, 0.004140520529236446, 0.0031554936085488317, 0.007447908298871586, 0.0028387079017837837, 0.009121092328510008, 0.0032374620561904876, 0.008244043326784849, 0.004175810332605305, 0.0023007489079214407, 0.0046172285313523945, 0.0021314356779209022, 0.00832006610095445, 0.0027513048976430545, 0.005281706407117169, 7.712178401008152E-4, 0.004562424170214776, 0.003394877468700006]
[6.615353884505982E-4, 0.003962058420677581, 0.0023007537118667288, 0.00738928183885862, 8.277881025286593E-5, 0.007786215205450531, 0.009648355995739884, 0.00418746819368734, 0.0045449617756653194, 0.007456031095519271, 0.008718703155087389, 0.007738351523249112, 0.0013030502047540705, 0.002665130277828538, 0.00593997630140347, 0.009110827001102282, 0.0062485505744139394, 0.0075942804549282315, 0.007051813968640455, 0.007199730740194103, 0.004664987349770555, 0.008630086418700013, 0.006797998880948943, 0.004111944660588276, 0.0045755880473655, 3.2538366549312415E-4, 0.0027526461993523867, 0.006332808589967573, 0.004606094647556886, 0.00416340737120982, 0.0012037808026225038, 0.008837450270196608, 5.318728594096434E-5, 0.005283510400490476, 5.670253596472863E-4, 0.0069385971626718355, 0.006679091587299818, 0.009484410058512947, 0.004413436791584151, 0.009851889851493304, 0.0016455159013646714, 0.0065416456821572305, 0.0018693728427014722, 7.116663469576313E-4, 0.00495514366069187, 0.006159132975789945, 0.007882585062527057]
[8.46436995853439E-5, 0.002786483444737925, 0.009720401457321969, 0.009647569914666776, 0.0039058718045924526, 0.006187958379046538, 0.004413309966380814, 0.008344535869084995, 0.0022007927348476285, 0.004739696479266327, 0.006272731483826228, 0.007270172380621548, 0.001959187568377949, 0.004996555227782896, 0.005218906213269337, 0.008424734073860388, 0.006091247865675328, 0.00779349969583823, 0.008264864738466663, 0.009668784862522586, 5.229610166577548E-4, 0.006824527819091771, 0.006724523777659672, 0.0036742688682977844, 0.003177454620699841, 0.003298910771568494, 0.009473763504733427, 0.008068409774160233, 0.0018408949018882271, 0.007933605961024185, 0.007099993441371446, 0.003405263957892104, 0.0027259860912175293, 0.002058263115673994, 0.001121424852848396, 0.0018985819430466155, 0.00792307813532118, 0.004189333743145836, 0.008365461898428664, 0.005210960969427418, 0.007868334430612668, 0.007072370088253733, 0.0030663339800585786, 0.004018101952582481, 0.004460369334718838, 0.0028966715805157453, 0.008275290680039656]
[0.005553305595939509, 0.0015212174532966626, 0.001154022228636774, 0.0037723849199386927, 0.007886180570042955, 0.0019244505903191656, 0.0044433398807547896, 0.00982707518779112, 0.0013008530358940907, 0.004902707823230169, 0.002415628620179292, 0.0048755773121756645, 0.007812806961198628, 0.002798863279081393, 0.003008715032677032, 4.660998467244781E-4, 0.009599802316779711, 0.003839502045102401, 0.0031388178769816387, 0.008668806306210971, 0.005921152982606486, 0.006386336602401578, 0.008096085919012227, 0.005555538870704642, 0.005960973451904037, 5.606383128561988E-4, 3.380846379642422E-5, 0.00932505466274258, 0.00195482617788129, 0.005137723881077685, 0.0011460917099762181, 0.0031827176831739704, 0.002945539628295748, 0.001172977969941541, 0.00639636286602303, 0.001179300177654732, 0.004562783098429681, 0.008947856463150137, 0.0039891463835028075, 0.00987174590131183, 0.004332325468774276, 0.0015137609025847787, 0.00917013688568147, 0.00988945278228951, 0.005194718182660793, 0.006363630352903127, 0.008394664693923479]
[0.009272835511082187, 0.0021494876639089945, 0.006575550887054979, 0.0064222365686042865, 0.004796631091867171, 0.008239736014359568, 0.00414963564017008, 0.008474904199122724, 0.00839861476866066, 0.00645338506812234, 0.0011988783064882035, 0.0032397969444657782, 0.003305093426521485, 0.0035411250999630006, 0.009156643018664678, 2.0123218199669113E-4, 0.008477753318368579, 2.374561202804071E-4, 0.0022278976738614466, 0.006555391583114418, 6.021337473092492E-4, 0.009920040761908045, 0.008938259633149209, 0.0047906336408648055, 0.00999620869007646, 0.004353912098635821, 0.004824369686357043, 0.00190909005455416, 5.382565630847814E-4, 8.409122330534125E-4, 6.106548942359957E-5, 0.005220269259167897, 0.003996406015419956, 0.009831061015728367, 0.008135280404831862, 0.007654971774499858, 0.005987942070162418, 0.005851386392221361, 0.005553543486510787, 0.0076278985605270026, 0.004204668054830634, 0.007469073568834637, 0.008009411679474665, 0.004619910864160909, 0.009511315357140398, 0.003929619426065596, 0.005439118104817864]
[0.0018559800652228288, 0.007057200892719527, 0.0070970046849734405, 0.006958173552720784, 0.0017224440079511984, 0.007637030564280147, 0.0073717298258868585, 0.006798610519736434, 0.007897260599431976, 0.009194955000519036, 0.0013738805114363452, 0.004056012238966875, 5.59534373157572E-4, 0.004586684053331716, 0.00735222542021266, 0.0023074261430371125, 0.00749966475371605, 0.004497669036577853, 0.0015166683396577929, 0.009975705231718764, 0.004469042159654567, 0.003761068147751704, 0.004790215691094346, 0.00869278660835252, 0.0026883020810236037, 0.005227410792702283, 0.004837935662609664, 0.004853857063209295, 7.571730238923768E-5, 0.007808578381617283, 0.00265422408659469, 0.009056317509237943, 0.005462396697707529, 0.004351928542297326, 0.0064760165240870015, 0.009181907937671515, 0.0018285234791134896, 5.960854446536356E-4, 0.008338409863785702, 0.005507305619737537, 0.005424960230579101, 0.008618124443186026, 2.004944148078025E-4, 4.179676457169734E-4, 0.0025371096166400186, 0.0069025878164164925, 0.007243014696270486]
[0.001051936533416239, 0.004603013444053553, 0.004445960940380503, 0.005675814583781366, 5.147854163825527E-4, 0.005415237079523784, 0.008155952626262543, 0.0011918445491242745, 0.0021838274193607134, 0.0012161741376471103, 0.0012131162177257215, 0.002065839415710653, 0.002059172957173007, 0.005638979703020593, 0.005033061402701696, 0.007819601831751097, 0.00612116590561532, 0.00665142029866487, 0.009000698377090686, 3.621583272728468E-4, 0.0032181879859013397, 0.0019275052267537563, 2.4367160152523383E-4, 0.009561876319894438, 0.009135767925911278, 0.002401844237694293, 3.70331339290102E-4, 0.009318965460514536, 0.004187393194974236, 0.0011542526832371803, 0.007318305286391579, 0.0033806111238970163, 0.0049193659126840405, 0.00622720587217982, 0.008242925945207293, 0.0023773164026882686, 3.3650413590654573E-4, 0.0014963180974819613, 0.0037204802471062937, 0.0048578559942441925, 0.00443244292895188, 0.009294104089443056, 0.00444944738865623, 0.005461578626377251, 0.009747735674799833, 0.0021298598480851885, 0.009103592917621287]
[0.0027906153752951923, 0.0011809213653358652, 0.008553570256604697, 0.006023993577040599, 0.008030885016589762, 0.00534216251822575, 0.009979338653731238, 0.002032768304484004, 0.0029196125134391803, 0.008366022763369738, 0.0011139052674642358, 0.008809493837714207, 0.00226840719032682, 0.004289403683766636, 0.006528401225824274, 9.919877033719039E-4, 0.0019247732307842724, 0.006852605826757896, 0.009866565460392326, 4.4634338566449495E-4, 0.007791255367601481, 0.00989594619113674, 2.0022307272287156E-4, 0.007996806806739807, 0.005320247764890089, 0.005401301789433249, 0.002122913805402844, 0.0073142843860338124, 0.001763824852174556, 0.003667417326595758, 0.002315121358940645, 0.005632978481988276, 0.005381781363703507, 0.0071097539785557095, 0.005519648772511092, 0.0024978468664318197, 0.006797393273281934, 0.007740120980095554, 0.007133250846092197, 8.412893214077377E-4, 0.007739244660133407, 0.008508277388541813, 0.007950720201493618, 0.0043456614301407796, 0.0015187878270544086, 3.771480784240011E-4, 0.008990196128628229]
[0.0012689271490329578, 0.007767138911266647, 2.55249500108804E-4, 7.83549279021859E-4, 0.007693956652638052, 0.0011909313627709928, 0.009724375198176451, 0.0020332695403546706, 0.0025076862759825557, 4.058870521552349E-4, 8.775442116159415E-4, 0.00711736112372124, 0.002324553336055002, 0.00826808156075762, 0.0035216641385336636, 5.663329366686676E-4, 0.0070393291050285245, 0.009546723190485343, 0.007501323767470873, 0.009341444924459544, 0.005727669025537251, 0.005268574207740564, 0.004964571992822488, 5.10949971791429E-4, 0.00820841095047623, 0.0056129932056916765, 1.8498688238660634E-5, 0.002751153634189075, 0.009739843844538396, 0.00484788384789104, 0.007411889192703917, 0.004991684319215989, 0.00504288555651276, 0.0024706796003684762, 0.007634168426552956, 0.004479453917815483, 0.0031273008294947346, 0.0044548151250502635, 0.0031343134993428792, 0.009553356638631764, 0.006242799297691191, 0.007300961553907124, 0.009240358192390738, 0.009501842603248708, 0.00468505427960467, 0.005453636380737896, 0.00379957436066636]
[0.005018071639724638, 0.0041573896820635056, 0.009567623847752284, 0.0015613592328862537, 0.007972437726405731, 0.003922076694457175, 0.009094966662764829, 0.0028893198558951373, 0.00848982767358542, 0.002070900089437433, 0.00771212747485171, 0.0015159909159720409, 6.490600467915309E-4, 0.008902838485785209, 0.004218232551930568, 0.002743080571949923, 0.005514523256863455, 6.174227144854394E-4, 0.004709154038069675, 0.0017420924245633007, 0.0016651166262008133, 0.0033155309615826613, 0.004068502310841686, 0.0014246180880630355, 0.00890316975564858, 0.001645080827617319, 0.006115434738482455, 7.28558908800605E-4, 4.0609720626631817E-4, 0.007337289078540742, 0.002110514581895503, 0.007105976511015724, 0.002226125155758828, 3.4986642116389353E-4, 0.0067446795600986775, 0.0015002348949562272, 0.006748498777192372, 0.009366720363223004, 0.009222710852098972, 1.6454481183807325E-4, 0.00848616313830612, 0.008999442342126528, 0.004601417526428746, 0.005300974359595233, 0.0064189885518588395, 0.008194058509591708, 0.007154085260982431]
[0.005688445500665166, 0.00697818292497992, 0.008067223861452892, 0.00320655923960365, 0.009220185557508857, 0.0057316193220238384, 0.007679250213973114, 0.005626664918085952, 0.001585560594336105, 0.003843381935030779, 0.0030970491536226907, 0.005947496973309886, 0.009208166510238399, 0.007460908975432286, 0.008508289508243424, 0.0029664318475863074, 0.009991507954737978, 0.0043256963458646915, 0.008118755946183779, 0.008585553008700165, 0.0024255497652478286, 0.0021085956918670467, 0.004098112548165531, 0.002645500248082946, 0.002171878877975535, 0.007238324819201829, 0.008934970460261123, 0.008553588131785375, 0.0053721634501504145, 0.0013218838006994282, 2.2036152972286228E-4, 6.183610046748856E-4, 0.009614054408211234, 0.004648148605843466, 0.0020994282113590045, 0.0021765858243448623, 0.006740625965448856, 0.002720991445446731, 4.143374704087932E-4, 8.350069178294517E-4, 0.006503904327216481, 0.0022858587461464584, 0.00790713346203118, 0.0034480204160759775, 0.006439983947897462, 0.00789381034402784, 0.0017594459834637856]
[0.00881374842550643, 0.0012826918814141343, 0.008689604845847817, 0.008216672201873622, 4.948252515606277E-4, 0.0047347054090219965, 0.007815495570252913, 0.00807745600553611, 0.0056565358907417615, 0.007479486185796365, 0.003589975473786469, 0.002424991481384836, 0.008363771300438146, 0.007944344162910875, 0.0024507918454420297, 1.3487761741508565E-4, 0.0073895990507182145, 0.006514403205829558, 0.008544125480728618, 0.007414957218433555, 0.0092620698056706, 0.009649183499005608, 0.003796912999110186, 0.004915776459621115, 0.007012215005661376, 0.0076679828446658, 0.005326860360349615, 0.009796001739256878, 0.003885010813900205, 0.008847175288509966, 0.004124785185432796, 0.008535335129332343, 0.009136421080535478, 0.0029120168527907485, 8.649138695680736E-5, 0.0012581759294435025, 0.009963450661244272, 0.009007484342790943, 0.003676467459691041, 0.009864472429415539, 0.00960047924401161, 0.006797139334258337, 0.003773273662663039, 3.599165862728093E-4, 0.006663960184021587, 0.004465953541838703, 0.004576560375917067]
[0.004435836891011278, 0.004938911770444087, 0.004092491958938947, 0.0018482405850778706, 0.00656984228324258, 0.00597444635522662, 0.0031077975395018644, 2.154177745602681E-4, 7.014834287842708E-4, 0.009091912966682417, 3.7277766658823873E-4, 0.008780244707557798, 0.004882889008708334, 0.004708061276913811, 0.006782844065338157, 0.0018619720488656166, 0.003212547538632168, 0.0072369564259371815, 0.0032480137055645565, 0.005339019918692872, 0.0018311014971702589, 0.0032582086216051374, 0.003398627575058757, 0.006763985898116943, 0.009791229100713313, 0.009125404940207275, 0.004431298462554388, 0.009192077520774186, 0.006209387715334655, 0.00973746093134257, 0.007136655983039917, 0.004493544060185752, 0.0022653980369184324, 0.0068069388827023194, 0.005339902404593123, 0.001813246291042252, 3.365532410496974E-4, 6.332024123527891E-4, 0.005737155303385947, 7.955969139513885E-4, 0.0028361347052106, 0.004124614736621854, 0.0014249969191883493, 0.007210670819094288, 1.7192635000373046E-4, 0.001612805195021907, 0.006297610772348825]
[6.973669853415676E-4, 6.485170564410048E-4, 0.007863365036870991, 0.002925334428570976, 4.8208200404651236E-4, 0.005107886152443326, 0.004611156900897261, 0.00353041292937298, 0.005136433600320326, 0.005635968851675221, 0.0029347538597656875, 0.002240189317050482, 0.006705148118870815, 7.58605861398034E-4, 0.009833347560919808, 0.0069249229827395686, 0.007865306644066608, 0.009208476569794937, 0.00648079949983636, 6.168762512492287E-4, 0.0031707230822167233, 5.653261423722677E-4, 0.0038053303738429124, 0.005759270183909756, 0.0018903011678976767, 0.003854995487391738, 0.008279676904161117, 0.009348153569547, 4.668023567947777E-4, 0.0045384675712531975, 0.007105369489941689, 0.003407192332791643, 0.0072025271559418135, 0.006230348164875348, 0.007336113365982415, 0.003174830034144224, 4.2099856977808714E-4, 0.0059568970758892914, 0.00790908580719579, 0.0048852335536406725, 0.004058805671573871, 7.969363423535569E-4, 0.007039287142312033, 0.006088881057453142, 0.001409351968163952, 0.00934466014480321, 0.009980913443509178]
[0.00408561038931235, 0.00857032442901943, 0.003591572831967539, 0.003771045850039412, 0.0022323930687543903, 0.004039283557721373, 0.005545492113871754, 0.006244780926887798, 0.009640059086978412, 0.009856844978716599, 0.00818774777922302, 0.006347252889637943, 0.007087642654368898, 0.0027145096892508425, 0.0022154184517914157, 0.0015668277554819476, 8.599783267749373E-4, 5.242737322773694E-4, 0.008423643703110639, 0.006175077335373963, 0.0066536286157419435, 0.0010897239291254657, 5.537602608887004E-4, 8.829695498503776E-4, 0.007698175721639349, 0.00472341132531751, 0.00496620795060892, 5.09038148816211E-4, 0.004804364696276341, 0.001922864456299166, 0.001592854988599537, 0.001304125206067749, 0.0011775368846589928, 5.476890422240532E-4, 0.0052815997320779995, 0.0036886161428937793, 0.001524249109654865, 0.00433277468539618, 0.007866804021322792, 0.009331916068282832, 0.0032319223374501983, 0.006027708216739686, 0.009082318808515599, 0.0037402447768176937, 0.007215820185110784, 0.003970074091468881, 0.008779564234023788]
[0.006817653137052262, 0.007404610385338214, 4.803946851943386E-4, 0.003821333667735649, 0.004226495816817407, 7.752132938111355E-4, 0.004109048798683294, 4.926889833109249E-4, 0.0017974213634817748, 0.004349596969804024, 0.005470577873269787, 0.007303518570121057, 0.0037252666961763727, 0.0016306305324800107, 0.008168373320583906, 0.003653038672099358, 0.002836075927912646, 0.008581061906789136, 0.002142810690946898, 0.0069847115640639295, 0.007821787472163125, 0.008439134528630356, 0.006668480986318346, 0.004780766746113861, 0.008012962458911678, 0.0054163193013526565, 0.004181241530154854, 0.008028708439680204, 9.962575661033302E-4, 0.009637081047281209, 0.004133390491665834, 0.009637898195606792, 0.0021821715464483116, 0.009557560578696306, 0.00815534865381334, 0.004692503752336556, 0.008289922957126042, 0.003539501390999876, 0.003944802607477109, 0.009397810520362601, 0.008640144496906199, 0.009257704271267172, 0.005509353560699231, 0.00211009038280358, 0.009132410795857953, 0.008183747559512407, 0.0016562811153864455]

